0 0.21328125 0.03046875 0.0625 0.03203125
0 0.22578125 0.2140625 0.04921875 0.02890625
0 0.0671875 0.4171875 0.06484375 0.0328125
0 0.37421875 0.60625 0.05234375 0.03671875
0 0.0703125 0.78828125 0.06953125 0.0328125
0 0.67421875 0.2125 0.05625 0.03046875
0 0.81875 0.21328125 0.05859375 0.028125
0 0.51796875 0.6046875 0.0609375 0.02578125
0 0.6625 0.596875 0.0625 0.03046875
0 0.9671875 0.78125 0.06015625 0.02890625
0 0.96484375 0.6046875 0.0578125 0.0296875
0 0.96953125 0.403125 0.06015625 0.02734375
0 0.9671875 0.02890625 0.05625 0.0265625