0 0.1953125 0.0234375 0.06484375 0.03359375
0 0.2078125 0.21328125 0.05078125 0.0296875
0 0.04375 0.4234375 0.0671875 0.03359375
0 0.36171875 0.61875 0.05390625 0.03828125
0 0.046875 0.80703125 0.071875 0.034375
0 0.67265625 0.21171875 0.05859375 0.03125
0 0.821875 0.2125 0.0609375 0.02890625
0 0.51015625 0.6171875 0.0625 0.0265625
0 0.66015625 0.609375 0.06484375 0.03125
0 0.971875 0.8 0.05625 0.0296875
0 0.97109375 0.6171875 0.0578125 0.0296875
0 0.9734375 0.40859375 0.053125 0.028125
0 0.97265625 0.021875 0.05390625 0.02734375