0 0.20390625 0.0390625 0.06171875 0.03203125
0 0.21640625 0.2203125 0.0484375 0.028125
0 0.059375 0.42109375 0.0640625 0.03203125
0 0.36328125 0.6078125 0.0515625 0.03671875
0 0.0625 0.78828125 0.06875 0.0328125
0 0.6609375 0.21875 0.05625 0.03046875
0 0.80390625 0.21953125 0.0578125 0.02734375
0 0.50625 0.60625 0.06015625 0.02578125
0 0.64921875 0.59921875 0.06171875 0.0296875
0 0.95078125 0.78203125 0.059375 0.028125
0 0.9484375 0.60703125 0.05703125 0.02890625
0 0.953125 0.4078125 0.06015625 0.02734375
0 0.95078125 0.0375 0.05546875 0.0265625