0 0.68515625 0.296875 0.14921875 0.13046875
0 0.19921875 0.03125 0.15546875 0.0625
0 0.2125 0.31796875 0.11875 0.0796875
0 0.04375 0.32109375 0.04453125 0.08203125
0 0.32421875 0.0328125 0.10390625 0.06484375
0 0.0453125 0.03359375 0.059375 0.0625
0 0.03984375 0.41875 0.0515625 0.0796875
0 0.21484375 0.425 0.1125 0.096875
0 0.0421875 0.52421875 0.046875 0.08203125
0 0.20859375 0.5265625 0.12265625 0.08203125
0 0.40859375 0.0578125 0.0859375 0.07734375
0 0.22109375 0.6328125 0.1125 0.1109375
0 0.03984375 0.63984375 0.04453125 0.08671875
0 0.0390625 0.7328125 0.04296875 0.0796875
0 0.2203125 0.75 0.11875 0.10390625
0 0.03984375 0.834375 0.03671875 0.084375
0 0.21875 0.846875 0.1140625 0.084375
0 0.1953125 0.11015625 0.153125 0.09453125
0 0.04140625 0.12109375 0.04921875 0.08671875
0 0.5234375 0.20625 0.1328125 0.084375
0 0.2046875 0.21015625 0.146875 0.10625
0 0.5234375 0.21953125 0.13515625 0.1109375
0 0.0375 0.2234375 0.04921875 0.084375