0 0.68828125 0.27578125 0.15234375 0.1328125
0 0.19296875 0.01875 0.15859375 0.03671875
0 0.20703125 0.296875 0.12109375 0.08125
0 0.034375 0.30078125 0.0453125 0.08359375
0 0.3203125 0.01953125 0.10625 0.0390625
0 0.03515625 0.01953125 0.0609375 0.0390625
0 0.03046875 0.4 0.053125 0.08125
0 0.20859375 0.40625 0.11484375 0.0984375
0 0.0328125 0.50703125 0.04765625 0.08359375
0 0.20234375 0.51015625 0.125 0.08359375
0 0.40703125 0.0359375 0.0875 0.07109375
0 0.21484375 0.61796875 0.11484375 0.11328125
0 0.03046875 0.62578125 0.0453125 0.08828125
0 0.0296875 0.7203125 0.04375 0.08125
0 0.21484375 0.7375 0.12109375 0.10625
0 0.03046875 0.82421875 0.0375 0.0859375
0 0.21328125 0.8359375 0.11640625 0.0859375
0 0.1890625 0.08515625 0.15625 0.09609375
0 0.03203125 0.09609375 0.05 0.08828125
0 0.52421875 0.18359375 0.1359375 0.0859375
0 0.19921875 0.1875 0.15 0.10859375
0 0.52421875 0.196875 0.13828125 0.11328125
0 0.028125 0.20078125 0.05 0.0859375