0 0.71953125 0.2765625 0.1578125 0.13828125
0 0.20546875 0.0140625 0.16484375 0.028125
0 0.21953125 0.2984375 0.12578125 0.084375
0 0.040625 0.30234375 0.046875 0.0875
0 0.3375 0.015625 0.11015625 0.03046875
0 0.0421875 0.015625 0.06328125 0.03046875
0 0.03671875 0.40625 0.0546875 0.084375
0 0.221875 0.4125 0.11953125 0.10234375
0 0.03984375 0.51796875 0.04921875 0.0875
0 0.21484375 0.5203125 0.1296875 0.0875
0 0.42734375 0.03203125 0.09140625 0.0640625
0 0.22890625 0.63359375 0.11953125 0.11796875
0 0.03671875 0.64140625 0.046875 0.0921875
0 0.0359375 0.73984375 0.0453125 0.084375
0 0.228125 0.7578125 0.12578125 0.11015625
0 0.03671875 0.84765625 0.0390625 0.08984375
0 0.2265625 0.86015625 0.1203125 0.08984375
0 0.2015625 0.078125 0.1625 0.1
0 0.03828125 0.08984375 0.05234375 0.0921875
0 0.54921875 0.18046875 0.140625 0.08984375
0 0.21171875 0.184375 0.15546875 0.1125
0 0.54921875 0.19453125 0.14375 0.11796875
0 0.034375 0.1984375 0.05234375 0.08984375